#Parameters = {Dia=2; a=47; con_thick=1; copper_thick=0.035; d=51.4; eps_r=2.55; feed_L=18.275; loffset=10; num_x=17; num_y=6; part_pitch=0.1; part_x_num=17; part_y_num=17; pitch=3; sample_x=4; sample_y=4; sub_thick=1.575; u_r=0.07; w=4.8; w0=2; x=0.5; y=4}
#"Frequency / GHz"	"S2(1),1(1) [Magnitude]"
#------------------------------------------
0.10000000000000	-85.989579780273
0.10590000000000	-85.480161048958
0.11180000000000	-85.001820828174
0.11770000000000	-84.551169631904
0.12360000000000	-84.125334774199
0.12950000000000	-83.721860530300
0.13540000000000	-83.338631187942
0.14130000000000	-82.973811005381
0.14720000000000	-82.625796831064
0.15310000000000	-82.293180327311
0.15900000000000	-81.974717564676
0.16490000000000	-81.669304334836
0.17080000000000	-81.375955944586
0.17670000000000	-81.093790554553
0.18260000000000	-80.822015346089
0.18850000000000	-80.559914963178
0.19440000000000	-80.306841798471
0.20030000000000	-80.062207784851
0.20620000000000	-79.825477424683
0.21210000000000	-79.596161843150
0.21800000000000	-79.373813694356
0.22390000000000	-79.158022781866
0.22980000000000	-78.948412281444
0.23570000000000	-78.744635474354
0.24160000000000	-78.546372916153
0.24750000000000	-78.353329979101
0.25340000000000	-78.165234716968
0.25930000000000	-77.981836009640
0.26520000000000	-77.802901951772
0.27110000000000	-77.628218455246
0.27700000000000	-77.457588039396
0.28290000000000	-77.290828786087
0.28880000000000	-77.127773438732
0.29470000000000	-76.968268625241
0.30060000000000	-76.812174184522
0.30650000000000	-76.659362574467
0.31240000000000	-76.509718335943
0.31830000000000	-76.363137581994
0.32420000000000	-76.219527473805
0.33010000000000	-76.078805634655
0.33600000000000	-75.940899439764
0.34190000000000	-75.805745103659
0.34780000000000	-75.673286467808
0.35370000000000	-75.543473371275
0.35960000000000	-75.416259468864
0.36550000000000	-75.291599349097
0.37140000000000	-75.169444801218
0.37730000000000	-75.049740061206
0.38320000000000	-74.932415546771
0.38910000000000	-74.817374724108
0.39500000000000	-74.704791928717
0.40090000000000	-74.593824054950
0.40680000000000	-74.484915492841
0.41270000000000	-74.377715790891
0.41860000000000	-74.271990525145
0.42450000000000	-74.167435522034
0.43040000000000	-74.069583045612
0.43630000000000	-73.969085312584
0.44220000000000	-73.871038198488
0.44810000000000	-73.774509097485
0.45400000000000	-73.678327214334
0.45990000000000	-73.582391092568
0.46580000000000	-73.487718726314
0.47170000000000	-73.395265887259
0.47760000000000	-73.305143915668
0.48350000000000	-73.216578812190
0.48940000000000	-73.128130029075
0.49530000000000	-73.038252215890
0.50120000000000	-72.946297001481
0.50710000000000	-72.853642420435
0.51300000000000	-72.764333617709
0.51890000000000	-72.683885034053
0.52480000000000	-72.612700256481
0.53070000000000	-72.529744241001
0.53660000000000	-72.391442520972
0.54250000000000	-72.365486493950
0.54840000000000	-72.283531114456
0.55430000000000	-72.733863997290
0.56020000000000	-72.647813822871
0.56610000000000	-72.562609229126
0.57200000000000	-72.478294380579
0.57790000000000	-72.394387157527
0.58380000000000	-72.311315472079
0.58970000000000	-72.229123706476
0.59560000000000	-72.147652385847
0.60150000000000	-72.066714767886
0.60740000000000	-71.986163345735
0.61330000000000	-71.905899586342
0.61920000000000	-71.825863938368
0.62510000000000	-71.746022318305
0.63100000000000	-71.666354618937
0.63690000000000	-71.586846397526
0.64280000000000	-71.507483392060
0.64870000000000	-71.428248158587
0.65460000000000	-71.349118169737
0.66050000000000	-71.270064865805
0.66640000000000	-71.191053299389
0.67230000000000	-71.112042133089
0.67820000000000	-71.032983835200
0.68410000000000	-70.953824976793
0.69000000000000	-70.874506572281
0.69590000000000	-70.794964430522
0.70180000000000	-70.715129499237
0.70770000000000	-70.634928195091
0.71360000000000	-70.554282717358
0.71950000000000	-70.473111346051
0.72540000000000	-70.391328726558
0.73130000000000	-70.308846142776
0.73720000000000	-70.225571779676
0.74310000000000	-70.141410974281
0.74900000000000	-70.056266450973
0.75490000000000	-69.970038532518
0.76080000000000	-69.882625311475
0.76670000000000	-69.793922756228
0.77260000000000	-69.703824709356
0.77850000000000	-69.612222708475
0.78440000000000	-69.519005511709
0.79030000000000	-69.424058121893
0.79620000000000	-69.327259932346
0.80210000000000	-69.228481260323
0.80800000000000	-69.127576728819
0.81390000000000	-69.024371953260
0.81980000000000	-68.918634371096
0.82570000000000	-68.810000733762
0.83160000000000	-68.697760880904
0.83750000000000	-68.580017418091
0.84340000000000	-68.449753133841
0.84930000000000	-68.455268671748
0.85520000000000	-68.271272849705
0.86110000000000	-68.136868103867
0.86700000000000	-68.006891866845
0.87290000000000	-67.876700787169
0.87880000000000	-67.745346202619
0.88470000000000	-67.612498620317
0.89060000000000	-67.477868373108
0.89650000000000	-67.341142644908
0.90240000000000	-67.202052469586
0.90830000000000	-67.060417779985
0.91420000000000	-66.916146189248
0.92010000000000	-66.769210349037
0.92600000000000	-66.619624757311
0.93190000000000	-66.467429205101
0.93780000000000	-66.312678709088
0.94370000000000	-66.155437851297
0.94960000000000	-65.995777646637
0.95550000000000	-65.833773654718
0.96140000000000	-65.669504494169
0.96730000000000	-65.503050099480
0.97320000000000	-65.334488940411
0.97910000000000	-65.163892821000
0.98500000000000	-64.991316165553
0.99090000000000	-64.816771863902
0.99680000000000	-64.640170826708
1.0027000000000	-64.461151639964
1.0086000000000	-64.278561655550
1.0145000000000	-64.089734446385
1.0204000000000	-63.906364484872
1.0263000000000	-63.742461489323
1.0322000000000	-63.566544396470
1.0381000000000	-63.385312780978
1.0440000000000	-63.202534729673
1.0499000000000	-63.019200373829
1.0558000000000	-62.835703982373
1.0617000000000	-62.652295605450
1.0676000000000	-62.469185308777
1.0735000000000	-62.286571571208
1.0794000000000	-62.104649720565
1.0853000000000	-61.923614196438
1.0912000000000	-61.743658626107
1.0971000000000	-61.564975027285
1.1030000000000	-61.387752626172
1.1089000000000	-61.212176499197
1.1148000000000	-61.038426144919
1.1207000000000	-60.866674053694
1.1266000000000	-60.697084327081
1.1325000000000	-60.529811391925
1.1384000000000	-60.364998849563
1.1443000000000	-60.202778496174
1.1502000000000	-60.043269544358
1.1561000000000	-59.886578067101
1.1620000000000	-59.732796671070
1.1679000000000	-59.582004381854
1.1738000000000	-59.434266679821
1.1797000000000	-59.289635541737
1.1856000000000	-59.148149178130
1.1915000000000	-59.009830819389
1.1974000000000	-58.874685191983
1.2033000000000	-58.742689761755
1.2092000000000	-58.613774186665
1.2151000000000	-58.487772319865
1.2210000000000	-58.364306070628
1.2269000000000	-58.242486308906
1.2328000000000	-58.120159463334
1.2387000000000	-57.995690334364
1.2446000000000	-57.963712263482
1.2505000000000	-57.852856145212
1.2564000000000	-57.742297631009
1.2623000000000	-57.634898346779
1.2682000000000	-57.529702245722
1.2741000000000	-57.425871739668
1.2800000000000	-57.323246304435
1.2859000000000	-57.222014223434
1.2918000000000	-57.122446351799
1.2977000000000	-57.024758120901
1.3036000000000	-56.929067835990
1.3095000000000	-56.835385211583
1.3154000000000	-56.743492422858
1.3213000000000	-56.652305554764
1.3272000000000	-56.561506825404
1.3331000000000	-56.475907658155
1.3390000000000	-56.393106499556
1.3449000000000	-56.311530156678
1.3508000000000	-56.230610263496
1.3567000000000	-56.149708481167
1.3626000000000	-56.068476320214
1.3685000000000	-55.987029096317
1.3744000000000	-55.905701738133
1.3803000000000	-55.824772999267
1.3862000000000	-55.744377215823
1.3921000000000	-55.664533978715
1.3980000000000	-55.585198341219
1.4039000000000	-55.506296141442
1.4098000000000	-55.427743062654
1.4157000000000	-55.349453497983
1.4216000000000	-55.271344123036
1.4275000000000	-55.193334978099
1.4334000000000	-55.115349461939
1.4393000000000	-55.037313892407
1.4452000000000	-54.959156928257
1.4511000000000	-54.880808987571
1.4570000000000	-54.802201747074
1.4629000000000	-54.723267830434
1.4688000000000	-54.643940908336
1.4747000000000	-54.564156720019
1.4806000000000	-54.483856202063
1.4865000000000	-54.402993515023
1.4924000000000	-54.321555616109
1.4983000000000	-54.239609211168
1.5042000000000	-54.157411031390
1.5101000000000	-54.075646939865
1.5160000000000	-53.995810394284
1.5219000000000	-53.920077899593
1.5278000000000	-53.848482616286
1.5337000000000	-53.775222589351
1.5396000000000	-53.694727449289
1.5455000000000	-53.607962644909
1.5514000000000	-53.517937696197
1.5573000000000	-53.426382136146
1.5632000000000	-53.333916435912
1.5691000000000	-53.240674748370
1.5750000000000	-53.146622485165
1.5809000000000	-53.051677293745
1.5868000000000	-52.955750011083
1.5927000000000	-52.858756868345
1.5986000000000	-52.760621960210
1.6045000000000	-52.661276681886
1.6104000000000	-52.560658428313
1.6163000000000	-52.458709296347
1.6222000000000	-52.355374990754
1.6281000000000	-52.250603954845
1.6340000000000	-52.144346693955
1.6399000000000	-52.036555250827
1.6458000000000	-51.927182796379
1.6517000000000	-51.816183306734
1.6576000000000	-51.703511304293
1.6635000000000	-51.589121646273
1.6694000000000	-51.472969348363
1.6753000000000	-51.355009434356
1.6812000000000	-51.235196804907
1.6871000000000	-51.113486120270
1.6930000000000	-50.989831693100
1.6989000000000	-50.864187388302
1.7048000000000	-50.736506527578
1.7107000000000	-50.606741796784
1.7166000000000	-50.474845154595
1.7225000000000	-50.340767741206
1.7284000000000	-50.204459786005
1.7343000000000	-50.065870513284
1.7402000000000	-49.924948045139
1.7461000000000	-49.781639300796
1.7520000000000	-49.635889891608
1.7579000000000	-49.487644011015
1.7638000000000	-49.336844318736
1.7697000000000	-49.183431818464
1.7756000000000	-49.027345728296
1.7815000000000	-48.868523343098
1.7874000000000	-48.706899887949
1.7933000000000	-48.542408361746
1.7992000000000	-48.374979369976
1.8051000000000	-48.204540945570
1.8110000000000	-48.031018356657
1.8169000000000	-47.854333899905
1.8228000000000	-47.674406678030
1.8287000000000	-47.491152359849
1.8346000000000	-47.304482921145
1.8405000000000	-47.114306364352
1.8464000000000	-46.920526414872
1.8523000000000	-46.723042191586
1.8582000000000	-46.521747848797
1.8641000000000	-46.316532186536
1.8700000000000	-46.107278225764
1.8759000000000	-45.893862744566
1.8818000000000	-45.676155770943
1.8877000000000	-45.454020027211
1.8936000000000	-45.227310320372
1.8995000000000	-44.995872872048
1.9054000000000	-44.759544580696
1.9113000000000	-44.518152207793
1.9172000000000	-44.271511478515
1.9231000000000	-44.019426086057
1.9290000000000	-43.761686587155
1.9349000000000	-43.498069174519
1.9408000000000	-43.228334309748
1.9467000000000	-42.952225197747
1.9526000000000	-42.669466080774
1.9585000000000	-42.379760326775
1.9644000000000	-42.082788282661
1.9703000000000	-41.778204858501
1.9762000000000	-41.465636803081
1.9821000000000	-41.144679624943
1.9880000000000	-40.814894105541
1.9939000000000	-40.475802342627
1.9998000000000	-40.126883252126
2.0057000000000	-39.767567445720
2.0116000000000	-39.397231389047
2.0175000000000	-39.015190732340
2.0234000000000	-38.620692692035
2.0293000000000	-38.212907349930
2.0352000000000	-37.790917728474
2.0411000000000	-37.353708501477
2.0470000000000	-36.900153217325
2.0529000000000	-36.428999961077
2.0588000000000	-35.938855487705
2.0647000000000	-35.428168064381
2.0706000000000	-34.895209639975
2.0765000000000	-34.338058645352
2.0824000000000	-33.754585946874
2.0883000000000	-33.142448630535
2.0942000000000	-32.499100098994
2.1001000000000	-31.821831686869
2.1060000000000	-31.107872889591
2.1119000000000	-30.354598289526
2.1178000000000	-29.559925981810
2.1237000000000	-28.723055007859
2.1296000000000	-27.845790450626
2.1355000000000	-26.934846781101
2.1414000000000	-26.005645826422
2.1473000000000	-25.087974167503
2.1532000000000	-24.232686817291
2.1591000000000	-23.515186137320
2.1650000000000	-23.026142759304
2.1709000000000	-22.841198212286
2.1768000000000	-22.981868332883
2.1794260000000	-23.139133901146
2.1827000000000	-23.402349021433
2.1886000000000	-24.016549552432
2.1945000000000	-24.737244148575
2.2004000000000	-25.498242648936
2.2063000000000	-26.257459311876
2.2122000000000	-26.991366638746
2.2181000000000	-27.688437121666
2.2240000000000	-28.344196301442
2.2299000000000	-28.958055464374
2.2358000000000	-29.531435763508
2.2417000000000	-30.066703867743
2.2476000000000	-30.566586017635
2.2535000000000	-31.033855473791
2.2594000000000	-31.471173546096
2.2653000000000	-31.881015781577
2.2712000000000	-32.265644629081
2.2771000000000	-32.627106819760
2.2830000000000	-32.967243275779
2.2889000000000	-33.287704773500
2.2948000000000	-33.589969652251
2.3007000000000	-33.875361594810
2.3066000000000	-34.145066485008
2.3125000000000	-34.400147895638
2.3184000000000	-34.641561060758
2.3243000000000	-34.870165346056
2.3302000000000	-35.086735310032
2.3361000000000	-35.291970482539
2.3420000000000	-35.486503996058
2.3479000000000	-35.670910200851
2.3538000000000	-35.845711384573
2.3597000000000	-36.011383703957
2.3656000000000	-36.168362422883
2.3715000000000	-36.317046538744
2.3774000000000	-36.457802867848
2.3833000000000	-36.590969651092
2.3892000000000	-36.716859732994
2.3951000000000	-36.835763360513
2.4010000000000	-36.947950642531
2.4069000000000	-37.053673706360
2.4128000000000	-37.153168583916
2.4187000000000	-37.246656857058
2.4246000000000	-37.334347089000
2.4305000000000	-37.416436066353
2.4364000000000	-37.493109874318
2.4423000000000	-37.564544825636
2.4482000000000	-37.630908262114
2.4541000000000	-37.692359245838
2.4600000000000	-37.749049155536
2.4659000000000	-37.801122201956
2.4718000000000	-37.848715874615
2.4777000000000	-37.891961330801
2.4836000000000	-37.930983736330
2.4895000000000	-37.965902566298
2.4954000000000	-37.996831872829
2.5013000000000	-38.023880525792
2.5072000000000	-38.047152431423
2.5131000000000	-38.066746732975
2.5190000000000	-38.082757996709
2.5249000000000	-38.095276385906
2.5308000000000	-38.104387825016
2.5367000000000	-38.110174155578
2.5426000000000	-38.112713285149
2.5485000000000	-38.112079330176
2.5544000000000	-38.108342753463
2.5603000000000	-38.101570496709
2.5662000000000	-38.091826108409
2.5721000000000	-38.079169867311
2.5780000000000	-38.063658901524
2.5839000000000	-38.045347303328
2.5898000000000	-38.024286239665
2.5957000000000	-38.000524058305
2.6016000000000	-37.974106389644
2.6075000000000	-37.945076244092
2.6134000000000	-37.913474105016
2.6193000000000	-37.879338017210
2.6252000000000	-37.842703670877
2.6311000000000	-37.803604481104
2.6370000000000	-37.762071662850
2.6429000000000	-37.718134301442
2.6488000000000	-37.671819418618
2.6547000000000	-37.623152034146
2.6606000000000	-37.572155223045
2.6665000000000	-37.518850168474
2.6724000000000	-37.463256210312
2.6783000000000	-37.405390889492
2.6842000000000	-37.345269988132
2.6901000000000	-37.282907565501
2.6960000000000	-37.218315989874
2.7019000000000	-37.151505966297
2.7078000000000	-37.082486560303
2.7137000000000	-37.011265217589
2.7196000000000	-36.937847779676
2.7255000000000	-36.862238495541
2.7314000000000	-36.784440029221
2.7373000000000	-36.704453463353
2.7432000000000	-36.622278298622
2.7491000000000	-36.537912449058
2.7550000000000	-36.451352233106
2.7609000000000	-36.362592360396
2.7668000000000	-36.271625914088
2.7727000000000	-36.178444328673
2.7786000000000	-36.083037363086
2.7845000000000	-35.985393068937
2.7904000000000	-35.885497753687
2.7963000000000	-35.783335938520
2.8022000000000	-35.678890310668
2.8081000000000	-35.572141669895
2.8140000000000	-35.463068868823
2.8199000000000	-35.351648746726
2.8258000000000	-35.237856056413
2.8317000000000	-35.121663383737
2.8376000000000	-35.003041059242
2.8435000000000	-34.881957061412
2.8494000000000	-34.758376910898
2.8553000000000	-34.632263555087
2.8612000000000	-34.503577242254
2.8671000000000	-34.372275384502
2.8730000000000	-34.238312408599
2.8789000000000	-34.101639593727
2.8848000000000	-33.962204895072
2.8907000000000	-33.819952752059
2.8966000000000	-33.674823879938
2.9025000000000	-33.526755043278
2.9084000000000	-33.375678809797
2.9143000000000	-33.221523282787
2.9202000000000	-33.064211810251
2.9261000000000	-32.903662668639
2.9320000000000	-32.739788718910
2.9379000000000	-32.572497032410
2.9438000000000	-32.401688483812
2.9497000000000	-32.227257308135
2.9556000000000	-32.049090618558
2.9615000000000	-31.867067881487
2.9674000000000	-31.681060345028
2.9733000000000	-31.490930416706
2.9792000000000	-31.296530985987
2.9851000000000	-31.097704686866
2.9910000000000	-30.894283095532
2.9969000000000	-30.686085857924
3.0028000000000	-30.472919741904
3.0087000000000	-30.254577608812
3.0146000000000	-30.030837299439
3.0205000000000	-29.801460430063
3.0264000000000	-29.566191095235
3.0323000000000	-29.324754475769
3.0382000000000	-29.076855353027
3.0441000000000	-28.822176534689
3.0500000000000	-28.560377203053
3.0559000000000	-28.291091205583
3.0618000000000	-28.013925319727
3.0677000000000	-27.728457541735
3.0736000000000	-27.434235474313
3.0795000000000	-27.130774923645
3.0854000000000	-26.817558866910
3.0913000000000	-26.494037023198
3.0972000000000	-26.159626362466
3.1031000000000	-25.813713031689
3.1090000000000	-25.455656382452
3.1149000000000	-25.084796075699
3.1208000000000	-24.700463653043
3.1267000000000	-24.302000550154
3.1326000000000	-23.888785354475
3.1385000000000	-23.460274266158
3.1444000000000	-23.016060317114
3.1503000000000	-22.555959054037
3.1562000000000	-22.080131175796
3.1621000000000	-21.589255966174
3.1680000000000	-21.084772824023
3.1739000000000	-20.569210433895
3.1798000000000	-20.046621055508
3.1857000000000	-19.523124857339
3.1916000000000	-19.007535521639
3.1975000000000	-18.511968933168
3.2034000000000	-18.052220839991
3.2093000000000	-17.647553235335
3.2152000000000	-17.319437013142
3.2211000000000	-17.088935182500
3.2270000000000	-16.972948920453
3.2316380000000	-16.968324233829
3.2329000000000	-16.980382764640
3.2388000000000	-17.109823826530
3.2447000000000	-17.349885959797
3.2506000000000	-17.682040902270
3.2565000000000	-18.084573374586
3.2624000000000	-18.536125073502
3.2683000000000	-19.017976092488
3.2742000000000	-19.515010789174
3.2801000000000	-20.015749271696
3.2860000000000	-20.511887671990
3.2919000000000	-20.997672244126
3.2978000000000	-21.469289113987
3.3037000000000	-21.924346962984
3.3096000000000	-22.361470540755
3.3155000000000	-22.779995563808
3.3214000000000	-23.179746336614
3.3273000000000	-23.560876834742
3.3332000000000	-23.923758725584
3.3391000000000	-24.268903317168
3.3450000000000	-24.596907664183
3.3509000000000	-24.908417694143
3.3568000000000	-25.204103228730
3.3627000000000	-25.484641259832
3.3686000000000	-25.750704912991
3.3745000000000	-26.002956297560
3.3804000000000	-26.242041986755
3.3863000000000	-26.468590255220
3.3922000000000	-26.683209472717
3.3981000000000	-26.886487243352
3.4040000000000	-27.078990013663
3.4099000000000	-27.261262966528
3.4158000000000	-27.433830082895
3.4217000000000	-27.597194298020
3.4276000000000	-27.751837709143
3.4335000000000	-27.898221811463
3.4394000000000	-28.036787751996
3.4453000000000	-28.167956598517
3.4512000000000	-28.292129624996
3.4571000000000	-28.409688616789
3.4630000000000	-28.520996199340
3.4689000000000	-28.626396193792
3.4748000000000	-28.726214002272
3.4807000000000	-28.820757024966
3.4866000000000	-28.910315110766
3.4925000000000	-28.995161043288
3.4984000000000	-29.075551064642
3.5043000000000	-29.151725440319
3.5102000000000	-29.223909069880
3.5161000000000	-29.292312149415
3.5220000000000	-29.357130892531
3.5279000000000	-29.418548316239
3.5338000000000	-29.476735095711
3.5397000000000	-29.531850486801
3.5456000000000	-29.584043306930
3.5515000000000	-29.633452953714
3.5574000000000	-29.680210427807
3.5633000000000	-29.724439314273
3.5692000000000	-29.766256668846
3.5751000000000	-29.805773755308
3.5810000000000	-29.843096590407
3.5869000000000	-29.878326273470
3.5928000000000	-29.911559105975
3.5987000000000	-29.942886536082
3.6046000000000	-29.972394987329
3.6105000000000	-30.000165643627
3.6164000000000	-30.026274261515
3.6223000000000	-30.050791066795
3.6282000000000	-30.073780770358
3.6341000000000	-30.095302713078
3.6400000000000	-30.115411126890
3.6459000000000	-30.134155481476
3.6518000000000	-30.151580874018
3.6577000000000	-30.167728412174
3.6636000000000	-30.182635537080
3.6695000000000	-30.196336234847
3.6754000000000	-30.208861096662
3.6813000000000	-30.220237218320
3.6872000000000	-30.230487988413
3.6931000000000	-30.239632896527
3.6990000000000	-30.247687566363
3.7049000000000	-30.254664219721
3.7108000000000	-30.260572648807
3.7167000000000	-30.265421537658
3.7226000000000	-30.269219761927
3.7285000000000	-30.271977268982
3.7344000000000	-30.273705331346
3.7403000000000	-30.274416241714
3.7462000000000	-30.274122700786
3.7521000000000	-30.272837169345
3.7580000000000	-30.270571365315
3.7639000000000	-30.267335976736
3.7698000000000	-30.263140592073
3.7757000000000	-30.257993837428
3.7816000000000	-30.251903762510
3.7875000000000	-30.244878686786
3.7934000000000	-30.236929293573
3.7993000000000	-30.228075497606
3.8052000000000	-30.218384315786
3.8111000000000	-30.207829620444
3.8170000000000	-30.195532977153
3.8229000000000	-30.183366784397
3.8288000000000	-30.170252053407
3.8347000000000	-30.155859241223
3.8406000000000	-30.140392660785
3.8465000000000	-30.123232186510
3.8524000000000	-30.105309627470
3.8583000000000	-30.086704210872
3.8642000000000	-30.067249399804
3.8701000000000	-30.047032061654
3.8760000000000	-30.026507770261
3.8819000000000	-30.004333083346
3.8878000000000	-29.980490286243
3.8937000000000	-29.955800415029
3.8996000000000	-29.930174494146
3.9055000000000	-29.903534733688
3.9114000000000	-29.875837522939
3.9173000000000	-29.847052368747
3.9232000000000	-29.817153509785
3.9291000000000	-29.786116686975
3.9350000000000	-29.753917776714
3.9409000000000	-29.720532152515
3.9468000000000	-29.685934359615
3.9527000000000	-29.650097936121
3.9586000000000	-29.612995308272
3.9645000000000	-29.574597725895
3.9704000000000	-29.534875221180
3.9763000000000	-29.493796581916
3.9822000000000	-29.451329334335
3.9881000000000	-29.407439732804
3.9940000000000	-29.362092754716
3.9999000000000	-29.315252099593
4.0058000000000	-29.266880191761
4.0117000000000	-29.216938186184
4.0176000000000	-29.165385977136
4.0235000000000	-29.112182209515
4.0294000000000	-29.057284292564
4.0353000000000	-29.000648415856
4.0412000000000	-28.942229567331
4.0471000000000	-28.881981553223
4.0530000000000	-28.819857019655
4.0589000000000	-28.755807475683
4.0648000000000	-28.689783317549
4.0707000000000	-28.621733853872
4.0766000000000	-28.551607331467
4.0825000000000	-28.479350961497
4.0884000000000	-28.404910945586
4.0943000000000	-28.328232501534
4.1002000000000	-28.249259888235
4.1061000000000	-28.167936429369
4.1120000000000	-28.084204535441
4.1179000000000	-27.998005723692
4.1238000000000	-27.909280635406
4.1297000000000	-27.817969050134
4.1356000000000	-27.724009896304
4.1415000000000	-27.627341257736
4.1474000000000	-27.527900375527
4.1533000000000	-27.425623644792
4.1592000000000	-27.320446605767
4.1651000000000	-27.212303928751
4.1710000000000	-27.101129392416
4.1769000000000	-26.986855855017
4.1828000000000	-26.869415218058
4.1887000000000	-26.748738382013
4.1946000000000	-26.624755193736
4.2005000000000	-26.497394385239
4.2064000000000	-26.366583503586
4.2123000000000	-26.232248831713
4.2182000000000	-26.094315300062
4.2241000000000	-25.952706389032
4.2300000000000	-25.807344022333
4.2359000000000	-25.658148451505
4.2418000000000	-25.505038131991
4.2477000000000	-25.347929591372
4.2536000000000	-25.186737290587
4.2595000000000	-25.021373479254
4.2654000000000	-24.851748046545
4.2713000000000	-24.677768369476
4.2772000000000	-24.499339160977
4.2831000000000	-24.316362320733
4.2890000000000	-24.128736792513
4.2949000000000	-23.936358432673
4.3008000000000	-23.739119895592
4.3067000000000	-23.536910543278
4.3126000000000	-23.329616388048
4.3185000000000	-23.117120079358
4.3244000000000	-22.899300948504
4.3303000000000	-22.676035128166
4.3362000000000	-22.447195767868
4.3421000000000	-22.212653371406
4.3480000000000	-21.972276288570
4.3539000000000	-21.725931401186
4.3598000000000	-21.473485053084
4.3657000000000	-21.214804285430
4.3716000000000	-20.949758453495
4.3775000000000	-20.678221318963
4.3834000000000	-20.400073734039
4.3893000000000	-20.115207060699
4.3952000000000	-19.823527501376
4.4011000000000	-19.524961557012
4.4070000000000	-19.219462875647
4.4129000000000	-18.907020809947
4.4188000000000	-18.587671065193
4.4247000000000	-18.261508888799
4.4306000000000	-17.928705324670
4.4365000000000	-17.589527123453
4.4424000000000	-17.244360949786
4.4483000000000	-16.893742538030
4.4542000000000	-16.538391384149
4.4601000000000	-16.179251370644
4.4660000000000	-15.817537329123
4.4719000000000	-15.454786850727
4.4778000000000	-15.092915536339
4.4837000000000	-14.734272210309
4.4896000000000	-14.381688316584
4.4955000000000	-14.038512810195
4.5014000000000	-13.708620637643
4.5073000000000	-13.396380070684
4.5132000000000	-13.106562969526
4.5191000000000	-12.844184255794
4.5250000000000	-12.614264301338
4.5309000000000	-12.421521534505
4.5368000000000	-12.270021071042
4.5427000000000	-12.162824134008
4.5486000000000	-12.101695276702
4.5545000000000	-12.086922844125
4.5604000000000	-12.117289780208
4.5633610000000	-12.148773334159
4.5663000000000	-12.190201020127
4.5722000000000	-12.301940641268
4.5781000000000	-12.448008152234
4.5840000000000	-12.623475592268
4.5899000000000	-12.823315004265
4.5958000000000	-13.042663259847
4.6017000000000	-13.277010577645
4.6076000000000	-13.522314769637
4.6135000000000	-13.775052908219
4.6194000000000	-14.032226027951
4.6253000000000	-14.291332306143
4.6312000000000	-14.550321761701
4.6371000000000	-14.807542326349
4.6430000000000	-15.061684070071
4.6489000000000	-15.311725823909
4.6548000000000	-15.556886548141
4.6607000000000	-15.796582488356
4.6666000000000	-16.030390327509
4.6725000000000	-16.258016052227
4.6784000000000	-16.479268997171
4.6843000000000	-16.694040428175
4.6902000000000	-16.902286012937
4.6961000000000	-17.104011566738
4.7020000000000	-17.299261523736
4.7079000000000	-17.488109656151
4.7138000000000	-17.670651634665
4.7197000000000	-17.846999089136
4.7256000000000	-18.017274886864
4.7315000000000	-18.181609395784
4.7374000000000	-18.340137542295
4.7433000000000	-18.492996508727
4.7492000000000	-18.640323944580
4.7551000000000	-18.782256589550
4.7610000000000	-18.918929225811
4.7669000000000	-19.050473892878
4.7728000000000	-19.177019311175
4.7787000000000	-19.298690470828
4.7846000000000	-19.415608350605
4.7905000000000	-19.527889738713
4.7964000000000	-19.635647132673
4.8023000000000	-19.738988699940
4.8082000000000	-19.838018284564
4.8141000000000	-19.932835448144
4.8200000000000	-20.023535535746
4.8259000000000	-20.110209759424
4.8318000000000	-20.192945293680
4.8377000000000	-20.271825378519
4.8436000000000	-20.346929426984
4.8495000000000	-20.418333134990
4.8554000000000	-20.486108592158
4.8613000000000	-20.550324393049
4.8672000000000	-20.611045748812
4.8731000000000	-20.668334599745
4.8790000000000	-20.722249729627
4.8849000000000	-20.772846882924
4.8908000000000	-20.820178886035
4.8967000000000	-20.864295773694
4.9026000000000	-20.905244921340
4.9085000000000	-20.943071183881
4.9144000000000	-20.977817040657
4.9203000000000	-21.009522745681
4.9262000000000	-21.038226481447
4.9321000000000	-21.063964513787
4.9380000000000	-21.086771344500
4.9439000000000	-21.106679857944
4.9498000000000	-21.123721457456
4.9557000000000	-21.137926187459
4.9616000000000	-21.149322837489
4.9675000000000	-21.157939025043
4.9734000000000	-21.163801255156
4.9793000000000	-21.166934955783
4.9852000000000	-21.167364489349
4.9911000000000	-21.165113142056
4.9970000000000	-21.160203093631
5.0029000000000	-21.152655371010
5.0088000000000	-21.142489789986
5.0147000000000	-21.129724889027
5.0206000000000	-21.114377859341
5.0265000000000	-21.096464474873
5.0324000000000	-21.075999025348
5.0383000000000	-21.052994254739
5.0442000000000	-21.027461306843
5.0501000000000	-20.999409678890
5.0560000000000	-20.968847183514
5.0619000000000	-20.935779918856
5.0678000000000	-20.900212246171
5.0737000000000	-20.862146774039
5.0796000000000	-20.821584348100
5.0855000000000	-20.778524045172
5.0914000000000	-20.732963170621
5.0973000000000	-20.684897257915
5.1032000000000	-20.634320069424
5.1091000000000	-20.581223597646
5.1150000000000	-20.525598066194
5.1209000000000	-20.467431930052
5.1268000000000	-20.406711874718
5.1327000000000	-20.343422814051
5.1386000000000	-20.277547886727
5.1445000000000	-20.209068451365
5.1504000000000	-20.137964080511
5.1563000000000	-20.064212553772
5.1622000000000	-19.987789850534
5.1681000000000	-19.908670142807
5.1740000000000	-19.826825788881
5.1799000000000	-19.742227328632
5.1858000000000	-19.654843481480
5.1917000000000	-19.564641148175
5.1976000000000	-19.471585417850
5.2035000000000	-19.375639582004
5.2094000000000	-19.276765157402
5.2153000000000	-19.174921920269
5.2212000000000	-19.070067954549
5.2271000000000	-18.962159717574
5.2330000000000	-18.851152127074
5.2389000000000	-18.736998674225
5.2448000000000	-18.619651568308
5.2507000000000	-18.499061919641
5.2566000000000	-18.375179968671
5.2625000000000	-18.247955370682
5.2684000000000	-18.117337547326
5.2743000000000	-17.983276118400
5.2802000000000	-17.845721429797
5.2861000000000	-17.704625196681
5.2920000000000	-17.559941284538
5.2979000000000	-17.411626655060
5.3038000000000	-17.259642508977
5.3097000000000	-17.103955663916
5.3156000000000	-16.944540212484
5.3215000000000	-16.781379514016
5.3274000000000	-16.614468582989
5.3333000000000	-16.443816948106
5.3392000000000	-16.269452068483
5.3451000000000	-16.091423407189
5.3510000000000	-15.909807277431
5.3569000000000	-15.724712592345
5.3628000000000	-15.536287664866
5.3687000000000	-15.344728217956
5.3746000000000	-15.150286775283
5.3805000000000	-14.953283604654
5.3864000000000	-14.754119376051
5.3923000000000	-14.553289665612
5.3982000000000	-14.351401376456
5.4041000000000	-14.149191043824
5.4100000000000	-13.947544829393
5.4159000000000	-13.747519769089
5.4218000000000	-13.550365500860
5.4277000000000	-13.357545247972
5.4336000000000	-13.170754264567
5.4395000000000	-12.991933281083
5.4454000000000	-12.823273773494
5.4513000000000	-12.667211233411
5.4572000000000	-12.526402217680
5.4631000000000	-12.403681057186
5.4690000000000	-12.301992996952
5.4749000000000	-12.224302480162
5.4808000000000	-12.173478377463
5.4867000000000	-12.152161993759
5.4926000000000	-12.162628034999
5.4985000000000	-12.206652364563
5.5044000000000	-12.285402121350
5.5103000000000	-12.399362643630
5.5162000000000	-12.548311375897
5.5221000000000	-12.731342229692
5.5280000000000	-12.946936266504
5.5339000000000	-13.193067938254
5.5398000000000	-13.467331968745
5.5457000000000	-13.767074937257
5.5516000000000	-14.089517420292
5.5575000000000	-14.431856169063
5.5634000000000	-14.791340047029
5.5693000000000	-15.165317319074
5.5752000000000	-15.551254775906
5.5811000000000	-15.946730919070
5.5870000000000	-16.349406159468
5.5929000000000	-16.756973001459
5.5988000000000	-17.167088861624
5.6047000000000	-17.577293873846
5.6106000000000	-17.984916116496
5.6165000000000	-18.386967517617
5.6224000000000	-18.780035605949
5.6283000000000	-19.160179596727
5.6342000000000	-19.522844178630
5.6401000000000	-19.862810509546
5.6460000000000	-20.174210183955
5.6519000000000	-20.450631841523
5.6578000000000	-20.685347732177
5.6637000000000	-20.871674384334
5.6696000000000	-21.003454722140
5.6755000000000	-21.075611161395
5.6814000000000	-21.084681326757
5.6873000000000	-21.029227685370
5.6932000000000	-20.910025394381
5.6991000000000	-20.729981376697
5.7050000000000	-20.493805521190
5.7109000000000	-20.207514120980
5.7168000000000	-19.877873563194
5.7227000000000	-19.511883726411
5.7286000000000	-19.116367299128
5.7345000000000	-18.697691551572
5.7404000000000	-18.261617129297
5.7463000000000	-17.813249922529
5.7522000000000	-17.357065867159
5.7581000000000	-16.896980412026
5.7640000000000	-16.436440013989
5.7699000000000	-15.978519360746
5.7758000000000	-15.526013479956
5.7817000000000	-15.081517938205
5.7876000000000	-14.647493031543
5.7935000000000	-14.226309549506
5.7994000000000	-13.820274752826
5.8053000000000	-13.431638008383
5.8112000000000	-13.062576368005
5.8171000000000	-12.715161455218
5.8230000000000	-12.391310405653
5.8289000000000	-12.092725214812
5.8348000000000	-11.820826451206
5.8407000000000	-11.576688543446
5.8466000000000	-11.360984358059
5.8525000000000	-11.173946245059
5.8584000000000	-11.015349044335
5.8643000000000	-10.884517907684
5.8702000000000	-10.780360657742
5.8761000000000	-10.701421384772
5.8820000000000	-10.645949653806
5.8879000000000	-10.611978438665
5.8938000000000	-10.597403810053
5.8997000000000	-10.600060304677
5.9056000000000	-10.617787439731
5.9115000000000	-10.648484613283
5.9174000000000	-10.690153307456
5.9233000000000	-10.740926867000
5.9292000000000	-10.799089067080
5.9351000000000	-10.863083217916
5.9410000000000	-10.931513749530
5.9469000000000	-11.003142171669
5.9528000000000	-11.076879104705
5.9587000000000	-11.151773803935
5.9646000000000	-11.227002307537
5.9705000000000	-11.301855062843
5.9764000000000	-11.375724645372
5.9823000000000	-11.448093987609
5.9882000000000	-11.518525379513
5.9941000000000	-11.586650386147
6.0000000000000	-11.652160743473
